﻿datum,prirustkovy_pocet_nakazenych,kumulativni_pocet_nakazenych
2020-01-27,0,0
2020-01-28,0,0
2020-01-29,0,0
2020-01-30,0,0
2020-01-31,0,0
2020-02-01,0,0
2020-02-02,0,0
2020-02-03,0,0
2020-02-04,0,0
2020-02-05,0,0
2020-02-06,0,0
2020-02-07,0,0
2020-02-08,0,0
2020-02-09,0,0
2020-02-10,0,0
2020-02-11,0,0
2020-02-12,0,0
2020-02-13,0,0
2020-02-14,0,0
2020-02-15,0,0
2020-02-16,0,0
2020-02-17,0,0
2020-02-18,0,0
2020-02-19,0,0
2020-02-20,0,0
2020-02-21,0,0
2020-02-22,0,0
2020-02-23,0,0
2020-02-24,0,0
2020-02-25,0,0
2020-02-26,0,0
2020-02-27,0,0
2020-02-28,0,0
2020-02-29,0,0
2020-03-01,3,3
2020-03-02,0,3
2020-03-03,2,5
2020-03-04,1,6
2020-03-05,3,9
2020-03-06,11,20
2020-03-07,7,27
2020-03-08,6,33
2020-03-09,6,39
2020-03-10,25,64
2020-03-11,31,95
2020-03-12,22,117
2020-03-13,25,142
2020-03-14,48,190
2020-03-15,109,299
2020-03-16,85,384
2020-03-17,67,451
2020-03-18,110,561
2020-03-19,206,767
2020-03-20,124,891
2020-03-21,159,1050
2020-03-22,115,1165
2020-03-23,126,1291
2020-03-24,185,1476
2020-03-25,292,1768
2020-03-26,259,2027
2020-03-27,377,2404
2020-03-28,263,2667
2020-03-29,159,2826
2020-03-30,184,3010
2020-03-31,304,3314
2020-04-01,283,3597
2020-04-02,268,3865
2020-04-03,333,4198
2020-04-04,283,4481
2020-04-05,117,4598
2020-04-06,236,4834
2020-04-07,196,5030
2020-04-08,294,5324
2020-04-09,257,5581
2020-04-10,163,5744
2020-04-11,170,5914
2020-04-12,89,6003
2020-04-13,68,6071
2020-04-14,82,6153
2020-04-15,160,6313
2020-04-16,132,6445
2020-04-17,116,6561
2020-04-18,105,6666
2020-04-19,92,6758
2020-04-20,154,6912
2020-04-21,133,7045
2020-04-22,99,7144
2020-04-23,55,7199
2020-04-24,86,7285
2020-04-25,79,7364
2020-04-26,52,7416
2020-04-27,41,7457
2020-04-28,60,7517
2020-04-29,75,7592
2020-04-30,103,7695
2020-05-01,55,7750
2020-05-02,18,7768
2020-05-03,26,7794
2020-05-04,38,7832
2020-05-05,77,7909
2020-05-06,79,7988
2020-05-07,57,8045
2020-05-08,46,8091
2020-05-09,18,8109
2020-05-10,28,8137
2020-05-11,55,8192
2020-05-12,45,8237
2020-05-13,50,8287
2020-05-14,82,8369
2020-05-15,55,8424
2020-05-16,50,8474
2020-05-17,20,8494
2020-05-18,112,8606
2020-05-19,62,8668
2020-05-20,74,8742
2020-05-21,33,8775
2020-05-22,59,8834
2020-05-23,77,8911
2020-05-24,65,8976
2020-05-25,47,9023
2020-05-26,48,9071
2020-05-27,37,9108
2020-05-28,54,9162
2020-05-29,57,9219
2020-05-30,34,9253
2020-05-31,38,9291
2020-06-01,34,9325
2020-06-02,62,9387
2020-06-03,74,9461
2020-06-04,61,9522
2020-06-05,35,9557
2020-06-06,38,9595
2020-06-07,61,9656
2020-06-08,69,9725
2020-06-09,54,9779
2020-06-10,73,9852
2020-06-11,63,9915
2020-06-12,52,9967
2020-06-13,53,10020
2020-06-14,33,10053
2020-06-15,40,10093
2020-06-16,47,10140
2020-06-17,51,10191
2020-06-18,118,10309
2020-06-19,126,10435
2020-06-20,42,10477
2020-06-21,50,10527
2020-06-22,64,10591
2020-06-23,89,10680
2020-06-24,127,10807
2020-06-25,93,10900
2020-06-26,168,11068
2020-06-27,260,11328
2020-06-28,305,11633
2020-06-29,201,11834
2020-06-30,149,11983
2020-07-01,91,12074
2020-07-02,132,12206
2020-07-03,139,12345
2020-07-04,121,12466
2020-07-05,75,12541
2020-07-06,51,12592
2020-07-07,118,12710
2020-07-08,129,12839
2020-07-09,105,12944
2020-07-10,141,13085
2020-07-11,53,13138
2020-07-12,59,13197
2020-07-13,64,13261
2020-07-14,104,13365
2020-07-15,134,13499
2020-07-16,137,13636
2020-07-17,128,13764
2020-07-18,112,13876
2020-07-19,91,13967
2020-07-20,168,14135
2020-07-21,207,14342
2020-07-22,245,14587
2020-07-23,231,14818
2020-07-24,278,15096
2020-07-25,132,15228
2020-07-26,114,15342
2020-07-27,194,15536
2020-07-28,278,15814
2020-07-29,274,16088
2020-07-30,254,16342
2020-07-31,231,16573
2020-08-01,123,16696
2020-08-02,101,16797
2020-08-03,208,17005
2020-08-04,287,17292
2020-08-05,241,17533
2020-08-06,215,17748
2020-08-07,323,18071
2020-08-08,173,18244
2020-08-09,122,18366
2020-08-10,140,18506
2020-08-11,288,18794
2020-08-12,289,19083
2020-08-13,329,19412
2020-08-14,291,19703
2020-08-15,197,19900
2020-08-16,121,20021
2020-08-17,191,20212
2020-08-18,281,20493
2020-08-19,313,20806
2020-08-20,246,21052
2020-08-21,504,21556
2020-08-22,234,21790
2020-08-23,136,21926
2020-08-24,259,22185
2020-08-25,364,22549
2020-08-26,395,22944
2020-08-27,350,23294
2020-08-28,485,23779
2020-08-29,320,24099
2020-08-30,274,24373
2020-08-31,256,24629
2020-09-01,499,25128
2020-09-02,645,25773
2020-09-03,675,26448
2020-09-04,797,27245
2020-09-05,504,27749
2020-09-06,410,28159
2020-09-07,561,28720
2020-09-08,1161,29881
2020-09-09,1158,31039
2020-09-10,1382,32421
2020-09-11,1443,33864
2020-09-12,1537,35401
2020-09-13,791,36192
2020-09-14,1028,37220
2020-09-15,1675,38895
2020-09-16,2133,41028
2020-09-17,3125,44153
2020-09-18,2108,46261
2020-09-19,2046,48307
2020-09-20,984,49291
2020-09-21,1476,50767
2020-09-22,2388,53155
2020-09-23,2307,55462
2020-09-24,2906,58368
2020-09-25,2946,61314
2020-09-26,1981,63295
2020-09-27,1304,64599
2020-09-28,1284,65883
2020-09-29,1963,67846
2020-09-30,2926,70772
2020-10-01,3502,74274
2020-10-02,3795,78069
2020-10-03,2554,80623
2020-10-04,1840,82463
2020-10-05,3118,85581
2020-10-06,4458,90039
2020-10-07,5338,95377
2020-10-08,5394,100771
2020-10-09,8616,109387
2020-10-10,4636,114023
2020-10-11,3104,117127
2020-10-12,4308,121435
2020-10-13,8324,129759
2020-10-14,9545,139304
2020-10-15,9723,149027
2020-10-16,11104,160131
2020-10-17,8713,168844
2020-10-18,5058,173902
2020-10-19,8076,181978
2020-10-20,11984,193962
2020-10-21,14971,208933
2020-10-22,14155,223088
2020-10-23,15249,238337
2020-10-24,12472,250809
2020-10-25,7300,258109
2020-10-26,10272,268381
2020-10-27,15665,284046
2020-10-28,12978,297024
2020-10-29,13051,310075
2020-10-30,13603,323678
2020-10-31,11427,335105
2020-11-01,6551,341656
2020-11-02,9239,350895
2020-11-03,12088,362983
2020-11-04,15725,378708
2020-11-05,13233,391941
2020-11-06,11546,403487
2020-11-07,7720,411207
2020-11-08,3609,414816
2020-11-09,6048,420864
2020-11-10,9055,429919
2020-11-11,8920,438839
2020-11-12,7874,446713
2020-11-13,7358,454071
2020-11-14,4196,458267
2020-11-15,1890,460157
2020-11-16,5411,465568
2020-11-17,4246,469814
2020-11-18,5514,475328
2020-11-19,6470,481798
2020-11-20,5809,487607
2020-11-21,3191,490798
2020-11-22,1509,492307
2020-11-23,4380,496687
2020-11-24,5861,502548
2020-11-25,4928,507476
2020-11-26,4049,511525
2020-11-27,4460,515985
2020-11-28,2666,518651
2020-11-29,1074,519725
2020-11-30,3573,523298
2020-12-01,5176,528474
